Hit-E]

Hil.

47
48
4.)
50

E
140
141

16
142

84

91
130

78
174

19

92

NUMERATION

ιεςιωιιιωιιμὲ

μ
Φῐμῦλω

60
61
62

Ι Hil.

63
64
65
66
67
68
69

70

71

7.-

Ε
85
87
8
83
43
172
79
22

137Α

59

Αᾶθῆμ

166
123

Ε

24
25
28]
291
30
31

32
33
34
35
36
37
38
39
40
41
42
43
44
45
46
47

ng. Hi.l ,
15 1

31
66
23η

24
67
73
79
124
141
17
18
19
154
26
23
20
80
77
68
135
21

TABLES

Hil.

73
74
75
76
νιν-ε

ιι
78
79
80
81
82
83
84
85

1010 Ι

1—102331 ¹431!

 

¹ Hil.

86

ξ 87
ἐ 88

89

t 90

91
92
93
94
95

ng.
119
13A
25
37ss
120
38
91
74
82
93
94
52
150
99
100
107
112
113
117

88
96

131
125

132

63
145
144
146
151
153

Hil.

