E- ssgk.-Hil.] N UMERATION TABLES
E ng. Hil E ng. Hil. f E ng.
145 120 106 160 103 99 3 176 152
146 51 1 46 161 104 100 1 177 153
1 49 162 105 101 g 176 154
147 133 Β - 163 106 102 1 179 155
146 91 69 164 109 103 1 160 156
149 95 93 165 124 - ι 161 157
150 93 91 166 131 - 1 162 156
151 94 92 167 134 - 163 159
152 96 1035 166 143 - 3 184 161
153 97 94 169 144 - 1 165 162
154 98 95 170 145 - ¹ 186 164
155 99 96 171 146 - 1 167 165
156 100 97 172 147 - ³ 188 166
157 9311 — 173 149 —-— v 189 167
158 97 174 150 - 190 169
159 102 96 175 151 - 191 170
ALOAEUS
ng. E ἲ ng. E ng. E ng.
11 ἒ 16 37 35 156 50
21· 1 1 19 36 = 36 159 51
3 ln ! 20 42 37Α 160 52
4 1 j 21 47 31 Β 51 53
5 2 22 20 36 544
6 3 j 23 41 39 O{ 161 546
7 4 1 24 30 sa. 94 55
8 5 1 25 50 162 56
9 6 = 140 41 163 57
10 7 ξ ²6 164 42 164 56
11 6 27 21 43 172 59
12 9 1 26 10 44 167 60
134 49 ; 29 22 45 166 61
136 13 a* 30 23 - 46 123 62
14 12 Ι 31 24 , 47 166 63
15 19 32 121 1 464 63 64
16 165 33 133 1 463 15 65
17 36 34 157 A 49 61 66

Hil.

l Ι ΙΙ Ι Ι ΙΙ Ι Ι ΙΙ Ι Ι ΙΙ

Ε
82
85
59
169
17 Ο
171
124
125
126
127
86
128
129
Adesp.
Sa.42
87
924
25

