TABLES

COMPARING THE NUMERATION ADOPTED IN THIS EDITION
(E) wrm THOSE FOLLOWED ΒΥ BERGK m ms
‘Pomm LYR101 GRAECI' OF 1882 (BGK.) ΛΝΒ
HmLm-CRUSIUS IN THEIR ‘ANTHOLOGIA LYRICA’ OF
1913 (HIL.)

Α LCMAN
ng. Ε ng. E ng. E B Tgk. E
1 8 26 26 51 21 141
2 9 27 27 52 132 76 137
3 11) 28 28 53 52 7 7 78
4 12 29 31 54 30 ‘IS 79
5 11 30 ‚32 5) 133 79 134
6 ’ 13 3133 56 A 59 80 135
7 14 32 35 5613 60 81 142
8 15 33 46 57 63 82 80

9 2ss 34 47 58 64 83 85
10 20 35 62 59 50 84 86
11 29 36] 130 60 36 85Α 81
12 - 3 37] 61 65 85Β 82
13 s 5 38 131 62 66 86 58

Q 6 39 61 63 67 87 89
14 7 40 53 64 68 88 90
15 1 41 54 65 69 89 91
16 16 42 55 66 37 90 136
17 18 43 56 67 70 91 143
18 19 44 57 68 71 92 144
19 22 45 43 69 72 93 92
20 23 46 44 70 73 94 93
21 24 47 45 71 74 95 94
22 87 48 48 72 75 96 95
23 1 49 Alnuff. 73 76 97 38
24 2Α 44 74Α 77 98 20
25 25 50 51 743 138 99 145

