E

ng.

Hil. ³

71 68 61 ³
72 69 70
73 71 72
74 72 73
75 7474
76 32 27
77 76η —f
78 114 1031
79 117 103
80 45 42
81 ⁴140 38
141 39 ¹
83 -[{ss 43
84Α 130 ——
87 44 41
88 119n ——
90 127 -
91 1 37 -—-

’ 92 148 -
93 110 -
q4 Ale AJQ '
² 39 43
95 47 44

¹ 96 55 1030
97 56 65

j 98 70 71

3 99 75 47

100 80 79
101 60 61
102 61 62
103 62 63
104 62η
105 89 87
106 113 10351
107 121 -—
108 136 1031(
141 —-

22 22 20 1
23 23 -— 1
24 574 56
25 63 64 ³
26 111 -
27 115 108g
28 125 -
29 126 -
30 129 -
31 132 -
32 133 *—
33 135 -
341 Adesp. ,-
351 56

38 13 ——
48 -1ΞΞ 23
49 24 -
50 25 -
51 35 30
52 36 31
53 37 103b
54 42 35
55 48 45
56 50 33
57 81 80
58 101 32
gg] 122 -
611 123 -
62 112 103d
63 163 -—
64 128 -
66 67 34,
67 73 54
68 65 67
69 64 66
70 66 68

SAPPHO

12' ssgk. Hil.

 

[E-ngfaehh

¹ 109

ις ng. Hil.
110 142 -
111 52 50
112 53 51
114 54 s 2?
Q 03

115 76 75
116 77 76
117 73 77
113 79 73

1 119 28 23
120 29 57
121 36 24
122 33 36
123 37 35
124 21 60
125 53 58

1 126 59 59
3 127 32 81
5 128 83 82
3 129 ⁴ 84 83
2 130 85 84

131 116 1036

132 163

¹33 sffgffp ⁴59⁶
134.Ad.129 -
135 90 88
s, (107 -
136 1108 ,-
137 27 22
133 39 37
1 139 30 25
1 140 31 26
‹ 141 43 40
1414 57 -
142 88 36
143 118 104
, 144 119 105

437

