l3gkm—ZU

ng. E
100 88
1014 39
101ss 96
102 83
103 84
104 97
105 98
106 99
107 101
108 102
109 100
110 4
111 103
112 104
113 105
114 106
Hil. E
s 8
1 -12
[13

2 23
3 9
4 16
5 1
6 29

7 2Α
Ta 18
8 26
9 27
10 53
11 54
12 55

13 Atlas-p
14 21
15 61
16 43

NUMERATION TABLES
ng. E ’ ng. E
115 146 129 120
116 107 130 148
117 139 131 121
118 [108 132 149

1109 133 161
119 110 134 122
120 111 135 150
121 112 136Α 123
122 113 1363 151
123 147 137 152
124 114 138 153
125 115 139 154
126 116 140 125
127 117 141 155 J
128Α 118 142 126 =
128ss 119 , 143 156
Hil. E Hil. E
17 46 35 72 3
18 47 36 73
19 44 37 74 ;
20 45 38 71 1
21 69 39 7ο
22 24ᾱ68ρ. 40 76 1
23 31 41 77
24 19 42 2ο
25 AZZOE'· ἐξ 133·
26 52 45 138 ·
27 60 46 141 ¹
28 10 47 142 1
29 Adesp. 48 78
30 28 49 137
31 32 50 79 1
32 87 51 134 Ι
33 56 52 135 ξ
34 24 53 Adesp. λ

'358

70 ·

ng. E
144 157
145 124
1461 40
1463 158
1471 159
147ss 127
148 34
149 128
150 23
151 129
152 41
153 160
42
ρ.78 162
[163
Hil. E
54 22
55 23
56 131
57 81
82
59 25
69 62
61 136
62 48
63 64
64 50
2 65 36
66 66
67 37
68
69 58
70 89
71 59
72 57

