E-ng.-Hil.] NUMERATION TABLES

E ng. Hil. E ng. Hil. E ng. Hil.
7 73 40 106 114 — 135 - 80 52
77 744ι 41 107 116 — 136 90 88
78 77 48 1081 HS — 137 76 49
79 73 50 109 s 133 743 45
80 82 84 110 119 — 139 117 —
81 851 57 111 120 — 140 7433 —
82 353 58 112 121 — 141 75 46
33 103 ψ 113 133 - 142 81 47
84 103 — , 114 124 — 143 91 89
85 83 85 115 125 — 144 92 90
86 3 1 86 116 136 - 145 99 97
87 22 32 117 127 — 146 115 -
88 100 98 118 128A -ss 147 123 -
33 37 7 113 1333 - 143 130 -
90 88 — 120 129 — 149 133 —
91 39 37 121 -131 — 150 135 —
92 93 91 122 134 — 151 1363 -
93 94 92 123 1363Δ — 152 137 —
94 95 93 124 145 - 153 138 -
95 96 94 2 125 140 — 154 139 —
96 1013 - 126 142 — 155 141 —
97 104 - 137 1473 - 156 143 —
98 105 - 128 149 - 157 144 —
99 106 ὴ 139 151 — 158 1463 —
100 109 - 130 s 36 44 159 147A —
101 107 — 1 37 160 153 —
102 108 — 131 38 56 161 133 —
103 111 — 132 52 77 162 2611 883
104 112 - 133 55 79
105 113 — 134 79 51
SAPPHO
ng. E J ng. E ng. E ng. E
1 1 ⁵ 6 5 11 12 16 16
2 2 7 7 12 13 1,, 17
3 3 8 8 13 38 ⁴ 18
4 4 9 9 14 14 18 19
3 6 10 10 15 15 19 20

 

434

