ALCMAN [Ha-E

Hil. Ε Hil. ]·‚' Hil. E Hi1.1‹:
73 15 1 82 67 90 144 99 39
74 33 4 83 68 91 92 100 4355))
75 35 ι 84 80 92 93 101 Δ451.

4 85 85 93 94 102. ³ Aa.

77 132 ἱ 86 86 94 95 103 Aa,

ι
1

 

78 30 87 91 95 38 104 Aa.
79 133 2 88 136 96 20 105 Ad.
80 63 · 885 162 97 145

81 63 89 143 98 88

E ng. Hil. E ng. Hil. E ng. Hil.
1 23 5 24 21 34 50 59 64
2A 24 7 25 25 50 51 50 76
25 9 2 1 26 26 8 52 53 26
25 ’10 42 27 27 9 53 40 10
3 12 - t 28 28 30 54 41 11
4 110 .- 29 11 6 55 42 12
51 13 — ξ 30 54 78 56 43 33
61 31 29 23 57 44 72
7 14 - Ι 32 30 31 58 86 69
8 1 1 ι 33 31 74 59 563 71
9 2 3 ! 34 148 -- 60 565 27
10 3 28 ι 35 32 75 61 39 15
11 5 — ¹ 33 60 65 62 35 60
12 4 1 ff 37 66 67 63 57 80
13 6 } 38 97 48 64 58 63
14 7 43 39 1014 99 65 61 81
15 8 73 40 1461 - 66 62 66
16 16 4 41 152 - 67 63 82
17 Aclesp. Ad. 42 p. 78 —— 68 64 83

46ss 13 43 45 16 69 65 21
18 17 75 44 46 19 70 67 68
19 18 24 45 47 20 71 68 38
20 98 96 46 33 17 72 69 35
21 51 14 47 34 18 73 70 36
22 19 54 48 48 62 74 71 37
ξ 23 20 55 , 49 48η — 75 72 39

433

 

voL. 1. F F

